REMARK  Neural network 3-state phi/psi distribution prediction for cs.talos
REMARK    A: Alpha        (-160<Phi<0&-70<psi<60)
REMARK    P: Positive_Phi (0<Phi<160&-60<psi<95) 
REMARK    B: Beta         (all others)

VARS RESID RESNAME CS_CNT CS_CNT_R2 Q_A Q_B Q_P 
FORMAT %4d %1s %2d %2d %7.4f %7.4f %7.4f 

    1 G 16  5  0.1930  0.7677  0.0393 
    2 G 16  5  0.2961  0.4992  0.2048 
    3 S 17  6  0.1639  0.8361  0.0000 
    4 N 18  6  0.7869  0.0602  0.1529 
    5 A 18  6  0.0022  0.9978  0.0000 
    6 T 18  6  0.0544  0.9304  0.0153 
    7 A 16  6  0.0357  0.9643  0.0000 
    8 P 16  4  0.1693  0.8307  0.0000 
    9 F 16  6  0.0231  0.9769  0.0000 
   10 F 18  6  0.0083  0.9917  0.0000 
   11 E 18  6  0.9517  0.0483  0.0000 
   12 M 18  6  0.0280  0.9700  0.0020 
   13 K 18  6  0.6938  0.2764  0.0298 
   14 L 18  6  0.1028  0.8972  0.0000 
   15 K 18  6  0.2190  0.7810  0.0000 
   16 H 18  6  0.0079  0.9921  0.0000 
   17 Y 18  6  0.0082  0.9901  0.0017 
   18 K 18  6  0.0136  0.9834  0.0030 
   19 I 18  6  0.0075  0.9919  0.0006 
   20 F 18  6  0.0161  0.9815  0.0024 
   21 E 17  6  0.0208  0.9792  0.0000 
   22 G 16  5  0.0000  0.0900  0.9100 
   23 M 14  5  0.0000  0.9920  0.0080 
   24 P 15  4  0.1962  0.8038  0.0000 
   25 V 16  6  0.0131  0.9855  0.0014 
   26 T 18  6  0.0102  0.9875  0.0023 
   27 F 18  6  0.0104  0.9851  0.0045 
   28 T 18  6  0.0119  0.9881  0.0000 
   29 C 18  6  0.0210  0.9790  0.0000 
   30 R 18  6  0.0147  0.9853  0.0000 
   31 V 18  6  0.0065  0.9887  0.0048 
   32 A 17  6  0.0162  0.9804  0.0034 
   33 G 16  5  0.5356  0.4034  0.0610 
   34 N 14  5  0.0001  0.9998  0.0001 
   35 P 15  4  0.0490  0.9510  0.0000 
   36 K 14  6  0.0178  0.9727  0.0095 
   37 P 16  4  0.0435  0.9565  0.0000 
   38 K 16  6  0.1977  0.7764  0.0259 
   39 I 18  6  0.0073  0.9927  0.0000 
   40 Y 18  6  0.0073  0.9905  0.0022 
   41 W 18  6  0.0041  0.9933  0.0026 
   42 F 18  6  0.0072  0.9912  0.0016 
   43 K 18  6  0.0140  0.9860  0.0000 
   44 D 17  6  0.3986  0.1062  0.4952 
   45 G 17  5  0.0367  0.0919  0.8714 
   46 K 17  6  0.0131  0.9869  0.0000 
   47 Q 18  6  0.0112  0.9871  0.0017 
   48 I 18  6  0.0050  0.9886  0.0064 
   49 S 16  6  0.0000  0.9973  0.0027 
   50 P 16  4  0.9573  0.0427  0.0000 
   51 K 16  6  0.9670  0.0081  0.0249 
   52 S 18  6  0.2095  0.7778  0.0127 
   53 D 18  6  0.8311  0.1334  0.0355 
   54 H 18  6  0.8550  0.0974  0.0476 
   55 Y 18  6  0.0004  0.9996  0.0000 
   56 T 18  6  0.0114  0.9886  0.0000 
   57 I 18  6  0.0055  0.9854  0.0092 
   58 Q 18  6  0.0099  0.9861  0.0040 
   59 R 18  6  0.0101  0.9891  0.0008 
   60 D 18  6  0.0069  0.9927  0.0004 
   61 L 18  6  1.0000  0.0000  0.0000 
   62 D 17  6  0.9316  0.0500  0.0184 
   63 G 17  5  0.0927  0.4089  0.4984 
   64 T 17  6  0.0250  0.9730  0.0020 
   65 C 18  6  0.0520  0.9302  0.0177 
   66 S 18  6  0.0123  0.9862  0.0015 
   67 L 18  6  0.0151  0.9849  0.0000 
   68 H 18  6  0.0078  0.9883  0.0038 
   69 T 18  6  0.0087  0.9913  0.0000 
   70 T 18  6  0.9535  0.0000  0.0465 
   71 A 18  6  0.7216  0.2784  0.0000 
   72 S 18  6  0.0037  0.9933  0.0030 
   73 T 18  6  0.0053  0.9911  0.0036 
   74 L 18  6  0.9998  0.0002  0.0000 
   75 D 18  6  0.9933  0.0067  0.0000 
   76 D 18  6  0.8019  0.0307  0.1675 
   77 D 17  6  0.0694  0.9104  0.0202 
   78 G 17  5  0.0026  0.8870  0.1104 
   79 N 17  6  0.0236  0.9747  0.0018 
   80 Y 18  6  0.0080  0.9899  0.0021 
   81 T 18  6  0.0077  0.9923  0.0000 
   82 I 18  6  0.0181  0.9819  0.0000 
   83 M 18  6  0.0097  0.9842  0.0060 
   84 A 18  6  0.0141  0.9801  0.0058 
   85 A 18  6  0.0128  0.9836  0.0037 
   86 N 16  6  0.0000  0.9976  0.0024 
   87 P 16  4  1.0000  0.0000  0.0000 
   88 Q 15  6  0.9851  0.0149  0.0000 
   89 G 17  5  0.1053  0.1271  0.7677 
   90 R 17  6  0.0206  0.9794  0.0000 
   91 V 18  6  0.0092  0.9908  0.0000 
   92 S 18  6  0.0086  0.9906  0.0007 
   93 C 18  6  0.0174  0.9826  0.0000 
   94 T 16  6  0.0166  0.9832  0.0002 
   95 G 15  4  0.0176  0.9824  0.0000 
   96 R 15  5  0.0183  0.9784  0.0033 
   97 L 17  6  0.0047  0.9911  0.0042 
   98 M 18  6  0.0088  0.9889  0.0023 
   99 V 18  6  0.0127  0.9859  0.0014 
  100 Q 18  6  0.0070  0.9894  0.0036 
  101 A 18  6  0.0066  0.9898  0.0036 
  102 V 17  6  0.9318  0.0682  0.0000 
  103 N 17  5  0.1061  0.8424  0.0515 
  104 Q 17  6  0.4999  0.5001  0.0000 
  105 R 17  6  0.2184  0.7129  0.0687 
  106 G 17  5  0.0338  0.3290  0.6372 
  107 R 17  6  0.0456  0.9544  0.0000 
  108 S 18  6  0.1930  0.7677  0.0393 
