   1 I U   0.904  0.055  0.041
   2 T U   0.566  0.382  0.051
   3 K H   0.128  0.811  0.060
   4 D H   0.014  0.980  0.005
   5 E H   0.103  0.857  0.039
   6 A H   0.056  0.925  0.019
   7 E H   0.019  0.973  0.008
   8 K H   0.012  0.985  0.003
   9 L H   0.045  0.926  0.029
  10 F H   0.081  0.894  0.025
  11 N H   0.022  0.969  0.008
  12 Q H   0.078  0.918  0.004
  13 D H   0.122  0.864  0.014
  14 V H   0.049  0.948  0.004
  15 D H   0.101  0.896  0.003
  16 A H   0.030  0.965  0.005
  17 A H   0.021  0.975  0.004
  18 V H   0.038  0.958  0.004
  19 R H   0.079  0.896  0.025
  20 G H   0.083  0.894  0.022
  21 I H   0.075  0.903  0.022
  22 L H   0.256  0.692  0.052
  23 R H   0.214  0.766  0.020
  24 N H   0.359  0.546  0.095
  25 A U   0.779  0.164  0.056
  26 K U   0.929  0.052  0.019
  27 L U   0.599  0.158  0.242
  28 K U   0.610  0.180  0.210
  29 P U   0.688  0.159  0.153
  30 V U   0.569  0.330  0.101
  31 Y U   0.360  0.593  0.046
  32 D U   0.675  0.258  0.067
  33 S U   0.656  0.199  0.145
  34 L U   0.771  0.140  0.090
  35 D H   0.311  0.636  0.053
  36 A H   0.090  0.887  0.023
  37 V H   0.033  0.955  0.012
  38 R H   0.025  0.970  0.005
  39 R H   0.015  0.977  0.007
  40 C H   0.014  0.974  0.012
  41 A H   0.030  0.927  0.043
  42 L H   0.018  0.944  0.037
  43 I H   0.009  0.814  0.177
  44 N H   0.035  0.819  0.146
  45 M H   0.021  0.873  0.106
  46 V H   0.110  0.807  0.083
  47 F H   0.146  0.662  0.192
  48 Q H   0.182  0.661  0.156
  49 M H   0.246  0.703  0.051
  50 G H   0.794  0.150  0.056
  51 E H   0.259  0.695  0.045
  52 T U   0.485  0.435  0.080
  53 G U   0.597  0.389  0.015
  54 V H   0.209  0.769  0.022
  55 A H   0.147  0.833  0.020
  56 G H   0.465  0.497  0.038
  57 F H   0.439  0.483  0.078
  58 T H   0.138  0.831  0.031
  59 N H   0.085  0.903  0.012
  60 S H   0.060  0.927  0.013
  61 L H   0.035  0.954  0.012
  62 R H   0.044  0.950  0.007
  63 M H   0.066  0.924  0.011
  64 L H   0.019  0.975  0.006
  65 Q H   0.041  0.944  0.015
  66 Q H   0.082  0.898  0.020
  67 K H   0.240  0.746  0.014
  68 R H   0.100  0.883  0.017
  69 W H   0.057  0.921  0.022
  70 D H   0.018  0.970  0.012
  71 E H   0.013  0.977  0.009
  72 A H   0.027  0.966  0.007
  73 A H   0.025  0.967  0.008
  74 V H   0.027  0.957  0.016
  75 N H   0.061  0.922  0.018
  76 L H   0.066  0.926  0.007
  77 A H   0.135  0.838  0.028
  78 K H   0.480  0.482  0.038
  79 S H   0.451  0.471  0.078
  80 R U   0.576  0.335  0.089
  81 W U   0.689  0.212  0.099
  82 Y U   0.675  0.226  0.100
  83 N U   0.648  0.177  0.175
  84 Q U   0.643  0.299  0.058
  85 T U   0.636  0.209  0.155
  86 P U   0.406  0.530  0.064
  87 N U   0.556  0.301  0.143
  88 R H   0.290  0.655  0.055
  89 A H   0.191  0.732  0.076
  90 K H   0.052  0.918  0.030
  91 R H   0.058  0.918  0.024
  92 V H   0.048  0.907  0.045
  93 I H   0.050  0.863  0.087
  94 T H   0.058  0.876  0.066
  95 T H   0.074  0.838  0.088
  96 F H   0.133  0.808  0.060
  97 R H   0.089  0.426  0.485
  98 T H   0.324  0.577  0.099
  99 G U   0.732  0.185  0.083
 100 T U   0.648  0.179  0.173
 101 W U   0.430  0.353  0.217
 102 D U   0.570  0.237  0.193
 103 A U   0.375  0.501  0.124
 104 Y U   0.453  0.373  0.173
 105 K U   0.599  0.236  0.166
 106 N U   0.694  0.120  0.186
 107 L U   0.677  0.129  0.194
