REMARK  Neural network secondary structure prediction for 15112.talos 
REMARK     H-Helix    E-Strand   L-Coil 

DATA SEQUENCE     ASEKVGMNLV TAQGVGQSIG TVVIDETEGG LKFTPHLKAL PPGEHGFHIH 
DATA PREDICTED_SS LEEEEEEEEE LLLLELLLLE EEEEELLLLL LEEELEEELL LLLLEEEEEE 
DATA CONFIDENCE   0489876502 6885147735 9999669998 2895047346 8985068992 

DATA SEQUENCE     ANGSCQPAIK DGQAVAAEAA GGHLDPQNTG KHEGPEGQGH LGDLPVLVVN 
DATA PREDICTED_SS LLLLLLLEEL LLLELLLLHL LLLLLLLLLL LELLLLLLLL LLLLLLEEEL 
DATA CONFIDENCE   7887277021 8843474112 8878888778 4058799998 8889845747 

DATA SEQUENCE     NDGIATEPVT APRLKSLDEV KDKALMIHVG GDNMSDQPKP LGGGGTRYAC 
DATA PREDICTED_SS LLLLEELEEE ELLLLLHHHL LLLEEEEELL LLLLLLLLLL LLLLLLLEEE 
DATA CONFIDENCE   9980335288 4457337845 9965999578 9999998888 8888998189 


DATA SEQUENCE     GVIK
DATA PREDICTED_SS EEEL
DATA CONFIDENCE   9730

VARS RESID RESNAME CS_CNT CS_CNT_R2 Q_H Q_E Q_L CONFIDENCE SS_CLASS
FORMAT %4d %1s %2d %2d %8.3f %8.3f %8.3f %4.2f %s

    1 A 18  6    0.333    0.333    0.333 0.00 L
    2 S 18  6    0.000    0.729    0.271 0.46 E
    3 E 18  6    0.000    0.937    0.063 0.87 E
    4 K 18  6    0.000    0.970    0.030 0.94 E
    5 V 17  6    0.000    0.941    0.059 0.88 E
    6 G 17  5    0.000    0.852    0.148 0.70 E
    7 M 17  6    0.000    0.803    0.197 0.61 E
    8 N 18  6    0.000    0.780    0.220 0.56 E
    9 L 18  6    0.000    0.549    0.451 0.10 E
   10 V 18  6    0.000    0.647    0.353 0.29 E
   11 T 18  6    0.018    0.188    0.794 0.61 L
   12 A 18  6    0.028    0.042    0.930 0.89 L
   13 Q 17  6    0.055    0.050    0.896 0.84 L
   14 G 17  5    0.017    0.217    0.766 0.55 L
   15 V 16  6    0.000    0.597    0.403 0.19 E
   16 G 17  5    0.005    0.260    0.735 0.47 L
   17 Q 17  6    0.013    0.095    0.892 0.80 L
   18 S 18  6    0.011    0.113    0.876 0.76 L
   19 I 17  6    0.001    0.321    0.678 0.36 L
   20 G 17  5    0.000    0.787    0.213 0.57 E
   21 T 17  6    0.000    0.955    0.045 0.91 E
   22 V 18  6    0.001    0.984    0.015 0.97 E
   23 V 18  6    0.006    0.989    0.004 0.98 E
   24 I 18  6    0.000    0.976    0.024 0.95 E
   25 D 18  6    0.000    0.804    0.196 0.61 E
   26 E 18  6    0.000    0.182    0.818 0.64 L
   27 T 18  6    0.000    0.048    0.952 0.90 L
   28 E 17  6    0.000    0.028    0.972 0.94 L
   29 G 16  5    0.004    0.038    0.958 0.92 L
   30 G 16  5    0.001    0.096    0.903 0.81 L
   31 L 17  6    0.000    0.353    0.647 0.29 L
   32 K 18  6    0.000    0.904    0.096 0.81 E
   33 F 18  6    0.000    0.958    0.042 0.92 E
   34 T 17  6    0.000    0.785    0.215 0.57 E
   35 P 17  5    0.000    0.457    0.543 0.09 L
   36 H 17  6    0.000    0.740    0.260 0.48 E
   37 L 18  6    0.000    0.886    0.114 0.77 E
   38 K 18  6    0.000    0.652    0.348 0.30 E
   39 A 18  6    0.004    0.295    0.701 0.41 L
   40 L 17  6    0.010    0.177    0.813 0.64 L
   41 P 16  5    0.000    0.073    0.927 0.85 L
   42 P 15  5    0.000    0.048    0.952 0.90 L
   43 G 16  5    0.000    0.064    0.936 0.87 L
   44 E 17  6    0.000    0.206    0.794 0.59 L
   45 H 17  6    0.000    0.535    0.465 0.07 E
   46 G 17  5    0.000    0.843    0.157 0.69 E
   47 F 17  6    0.000    0.949    0.051 0.90 E
   48 H 18  6    0.000    0.990    0.010 0.98 E
   49 I 18  6    0.000    0.955    0.045 0.91 E
   50 H 18  6    0.000    0.626    0.374 0.25 E
   51 A 18  6    0.006    0.101    0.893 0.79 L
   52 N 17  6    0.000    0.079    0.921 0.84 L
   53 G 17  5    0.002    0.055    0.943 0.89 L
   54 S 17  6    0.003    0.146    0.851 0.71 L
   55 C 18  6    0.000    0.356    0.644 0.29 L
   56 Q 17  6    0.013    0.112    0.875 0.76 L
   57 P 17  5    0.003    0.127    0.870 0.74 L
   58 A 17  6    0.000    0.520    0.480 0.04 E
   59 I 18  6    0.000    0.643    0.357 0.29 E
   60 K 18  6    0.000    0.426    0.573 0.15 L
   61 D 17  6    0.003    0.071    0.926 0.85 L
   62 G 17  5    0.004    0.048    0.948 0.90 L
   63 Q 17  6    0.000    0.299    0.701 0.40 L
   64 A 18  6    0.000    0.663    0.337 0.33 E
   65 V 18  6    0.015    0.288    0.697 0.41 L
   66 A 18  6    0.045    0.081    0.874 0.79 L
   67 A 18  6    0.231    0.064    0.705 0.47 L
   68 E 18  6    0.427    0.045    0.528 0.10 L
   69 A 18  6    0.563    0.012    0.425 0.14 H
   70 A 17  6    0.383    0.012    0.605 0.22 L
   71 G 16  5    0.062    0.006    0.932 0.87 L
   72 G 16  5    0.000    0.058    0.942 0.88 L
   73 H 17  6    0.000    0.120    0.880 0.76 L
   74 L 18  6    0.000    0.089    0.911 0.82 L
   75 D 17  6    0.000    0.059    0.941 0.88 L
   76 P 17  5    0.012    0.067    0.921 0.85 L
   77 Q 17  6    0.051    0.037    0.912 0.86 L
   78 N 18  6    0.108    0.040    0.852 0.74 L
   79 T 17  6    0.098    0.024    0.878 0.78 L
   80 G 17  5    0.037    0.038    0.925 0.89 L
   81 K 17  6    0.000    0.278    0.722 0.44 L
   82 H 18  6    0.000    0.501    0.499 0.00 E
   83 E 17  6    0.016    0.210    0.774 0.56 L
   84 G 16  5    0.016    0.042    0.942 0.90 L
   85 P 16  5    0.080    0.049    0.871 0.79 L
   86 E 16  6    0.035    0.015    0.950 0.91 L
   87 G 17  5    0.000    0.043    0.957 0.91 L
   88 Q 16  6    0.002    0.043    0.955 0.91 L
   89 G 17  5    0.000    0.032    0.968 0.94 L
   90 H 17  6    0.008    0.077    0.914 0.84 L
   91 L 17  6    0.016    0.086    0.898 0.81 L
   92 G 17  5    0.024    0.063    0.913 0.85 L
   93 D 17  6    0.040    0.060    0.900 0.84 L
   94 L 17  6    0.022    0.038    0.939 0.90 L
   95 P 17  5    0.006    0.092    0.902 0.81 L
   96 V 17  6    0.004    0.266    0.729 0.46 L
   97 L 18  6    0.000    0.751    0.249 0.50 E
   98 V 18  6    0.000    0.890    0.110 0.78 E
   99 V 18  6    0.009    0.745    0.246 0.50 E
  100 N 18  6    0.003    0.121    0.876 0.76 L
  101 N 18  6    0.019    0.034    0.947 0.91 L
  102 D 17  6    0.027    0.023    0.949 0.92 L
  103 G 17  5    0.013    0.078    0.909 0.83 L
  104 I 17  6    0.000    0.454    0.546 0.09 L
  105 A 18  6    0.000    0.690    0.310 0.38 E
  106 T 18  6    0.000    0.678    0.322 0.36 E
  107 E 17  6    0.000    0.247    0.753 0.51 L
  108 P 17  5    0.000    0.603    0.397 0.21 E
  109 V 17  6    0.000    0.903    0.097 0.81 E
  110 T 18  6    0.000    0.926    0.074 0.85 E
  111 A 17  6    0.000    0.714    0.286 0.43 E
  112 P 17  5    0.018    0.266    0.716 0.45 L
  113 R 17  6    0.146    0.144    0.710 0.56 L
  114 L 18  6    0.063    0.083    0.855 0.77 L
  115 K 18  6    0.000    0.316    0.684 0.37 L
  116 S 18  6    0.032    0.318    0.650 0.33 L
  117 L 18  6    0.817    0.082    0.101 0.72 H
  118 D 18  6    0.934    0.000    0.066 0.87 H
  119 E 18  6    0.739    0.000    0.261 0.48 H
  120 V 18  6    0.207    0.002    0.791 0.58 L
  121 K 18  6    0.020    0.009    0.971 0.95 L
  122 D 18  6    0.010    0.025    0.965 0.94 L
  123 K 18  6    0.021    0.147    0.831 0.68 L
  124 A 18  6    0.000    0.784    0.216 0.57 E
  125 L 18  6    0.000    0.969    0.031 0.94 E
  126 M 18  6    0.005    0.995    0.000 0.99 E
  127 I 18  6    0.000    0.978    0.022 0.96 E
  128 H 18  6    0.006    0.759    0.235 0.52 E
  129 V 17  6    0.008    0.134    0.857 0.72 L
  130 G 16  5    0.007    0.053    0.940 0.89 L
  131 G 16  5    0.001    0.040    0.959 0.92 L
  132 D 17  6    0.000    0.048    0.952 0.90 L
  133 N 18  6    0.000    0.035    0.965 0.93 L
  134 M 18  6    0.009    0.018    0.973 0.95 L
  135 S 18  6    0.003    0.032    0.965 0.93 L
  136 D 18  6    0.003    0.044    0.953 0.91 L
  137 Q 17  6    0.001    0.054    0.945 0.89 L
  138 P 17  5    0.002    0.079    0.919 0.84 L
  139 K 16  6    0.001    0.078    0.920 0.84 L
  140 P 17  5    0.004    0.084    0.912 0.83 L
  141 L 16  6    0.031    0.048    0.920 0.87 L
  142 G 16  5    0.029    0.037    0.934 0.90 L
  143 G 15  5    0.032    0.034    0.934 0.90 L
  144 G 15  5    0.052    0.035    0.913 0.86 L
  145 G 16  5    0.027    0.012    0.961 0.93 L
  146 T 17  6    0.013    0.017    0.970 0.95 L
  147 R 18  6    0.005    0.094    0.901 0.81 L
  148 Y 18  6    0.000    0.559    0.441 0.12 E
  149 A 18  6    0.000    0.935    0.065 0.87 E
  150 C 17  6    0.000    0.983    0.017 0.97 E
  151 G 17  5    0.000    0.972    0.028 0.94 E
  152 V 17  6    0.000    0.871    0.129 0.74 E
  153 I 18  6    0.003    0.654    0.343 0.31 E
  154 K 18  6    0.333    0.333    0.333 0.00 L
