REMARK  Neural network 3-state phi/psi distribution prediction for 15112.talos
REMARK    A: Alpha        (-160<Phi<0&-70<psi<60)
REMARK    P: Positive_Phi (0<Phi<160&-60<psi<95) 
REMARK    B: Beta         (all others)

VARS RESID RESNAME CS_CNT CS_CNT_R2 Q_A Q_B Q_P 
FORMAT %4d %1s %2d %2d %7.4f %7.4f %7.4f 

    1 A 18  6  0.2379  0.6925  0.0697 
    2 S 18  6  0.0267  0.9725  0.0008 
    3 E 18  6  0.0164  0.9836  0.0000 
    4 K 18  6  0.0131  0.9869  0.0000 
    5 V 17  6  0.0111  0.9889  0.0000 
    6 G 17  5  0.0181  0.9540  0.0279 
    7 M 17  6  0.0204  0.9796  0.0000 
    8 N 18  6  0.0094  0.9881  0.0026 
    9 L 18  6  0.8886  0.1106  0.0008 
   10 V 18  6  0.0000  1.0000  0.0000 
   11 T 18  6  0.0079  0.9921  0.0000 
   12 A 18  6  0.9054  0.0171  0.0775 
   13 Q 17  6  0.9605  0.0351  0.0044 
   14 G 17  5  0.0086  0.7803  0.2111 
   15 V 16  6  0.0106  0.9894  0.0000 
   16 G 17  5  0.0000  0.9508  0.0492 
   17 Q 17  6  0.1409  0.8560  0.0031 
   18 S 18  6  0.3499  0.5733  0.0768 
   19 I 17  6  0.6908  0.3092  0.0000 
   20 G 17  5  0.0000  0.9822  0.0178 
   21 T 17  6  0.0146  0.9854  0.0000 
   22 V 18  6  0.0109  0.9891  0.0000 
   23 V 18  6  0.0076  0.9917  0.0007 
   24 I 18  6  0.0094  0.9887  0.0019 
   25 D 18  6  0.0328  0.9657  0.0015 
   26 E 18  6  0.0958  0.9042  0.0000 
   27 T 18  6  0.0064  0.9936  0.0000 
   28 E 17  6  0.7280  0.1293  0.1427 
   29 G 16  5  0.3006  0.1010  0.5984 
   30 G 16  5  0.0097  0.8420  0.1483 
   31 L 17  6  0.0094  0.9906  0.0000 
   32 K 18  6  0.0058  0.9900  0.0042 
   33 F 18  6  0.0115  0.9866  0.0019 
   34 T 17  6  0.0098  0.9902  0.0000 
   35 P 17  5  0.0628  0.9372  0.0000 
   36 H 17  6  0.0626  0.9022  0.0352 
   37 L 18  6  0.0046  0.9954  0.0000 
   38 K 18  6  0.0103  0.9897  0.0000 
   39 A 18  6  0.0851  0.2896  0.6253 
   40 L 17  6  0.0029  0.9971  0.0000 
   41 P 16  5  0.0241  0.9759  0.0000 
   42 P 15  5  0.0402  0.9598  0.0000 
   43 G 16  5  0.0169  0.9345  0.0486 
   44 E 17  6  0.0675  0.9325  0.0000 
   45 H 17  6  0.0293  0.9707  0.0000 
   46 G 17  5  0.0000  0.9451  0.0549 
   47 F 17  6  0.0261  0.9682  0.0057 
   48 H 18  6  0.0097  0.9854  0.0049 
   49 I 18  6  0.0160  0.9840  0.0000 
   50 H 18  6  0.7799  0.2115  0.0087 
   51 A 18  6  0.9005  0.0895  0.0099 
   52 N 17  6  0.5322  0.4666  0.0011 
   53 G 17  5  0.2738  0.1354  0.5908 
   54 S 17  6  0.0170  0.9830  0.0000 
   55 C 18  6  0.0170  0.9830  0.0000 
   56 Q 17  6  0.0378  0.9622  0.0000 
   57 P 17  5  0.1689  0.8203  0.0108 
   58 A 17  6  0.0552  0.9420  0.0027 
   59 I 18  6  0.0132  0.9868  0.0000 
   60 K 18  6  0.0116  0.9884  0.0000 
   61 D 17  6  0.1646  0.0629  0.7725 
   62 G 17  5  0.0199  0.0173  0.9627 
   63 Q 17  6  0.0059  0.9884  0.0057 
   64 A 18  6  0.0106  0.9894  0.0000 
   65 V 18  6  0.0465  0.9474  0.0061 
   66 A 18  6  0.0832  0.8914  0.0254 
   67 A 18  6  0.8570  0.1149  0.0282 
   68 E 18  6  0.9106  0.0768  0.0126 
   69 A 18  6  0.9619  0.0088  0.0293 
   70 A 17  6  0.9773  0.0227  0.0000 
   71 G 16  5  0.1395  0.5044  0.3561 
   72 G 16  5  0.0000  0.9668  0.0332 
   73 H 17  6  0.0222  0.9712  0.0066 
   74 L 18  6  0.0000  0.9979  0.0021 
   75 D 17  6  0.0000  1.0000  0.0000 
   76 P 17  5  0.9868  0.0132  0.0000 
   77 Q 17  6  0.9704  0.0296  0.0000 
   78 N 18  6  0.1958  0.1469  0.6573 
   79 T 17  6  0.9161  0.0764  0.0075 
   80 G 17  5  0.1122  0.0117  0.8761 
   81 K 17  6  0.0131  0.9869  0.0000 
   82 H 18  6  0.0426  0.9544  0.0030 
   83 E 17  6  0.0278  0.9710  0.0012 
   84 G 16  5  0.0000  0.7934  0.2066 
   85 P 16  5  0.8628  0.1372  0.0000 
   86 E 16  6  0.9898  0.0000  0.0102 
   87 G 17  5  0.0000  0.9663  0.0337 
   88 Q 16  6  0.1863  0.8137  0.0000 
   89 G 17  5  0.0126  0.9482  0.0392 
   90 H 17  6  0.0413  0.9587  0.0000 
   91 L 17  6  0.9689  0.0311  0.0000 
   92 G 17  5  0.2801  0.1931  0.5268 
   93 D 17  6  0.5249  0.4426  0.0325 
   94 L 17  6  0.0000  1.0000  0.0000 
   95 P 17  5  0.0074  0.9559  0.0366 
   96 V 17  6  0.5536  0.4347  0.0117 
   97 L 18  6  0.0216  0.9784  0.0000 
   98 V 18  6  0.0032  0.9954  0.0014 
   99 V 18  6  0.0089  0.9911  0.0000 
  100 N 18  6  0.0849  0.8766  0.0385 
  101 N 18  6  0.8205  0.0707  0.1089 
  102 D 17  6  0.9410  0.0578  0.0012 
  103 G 17  5  0.0660  0.0000  0.9340 
  104 I 17  6  0.0051  0.9949  0.0000 
  105 A 18  6  0.0097  0.9863  0.0040 
  106 T 18  6  0.0379  0.9609  0.0012 
  107 E 17  6  0.0168  0.9832  0.0000 
  108 P 17  5  0.0129  0.9871  0.0000 
  109 V 17  6  0.0188  0.9812  0.0000 
  110 T 18  6  0.0196  0.9804  0.0000 
  111 A 17  6  0.0095  0.9905  0.0000 
  112 P 17  5  0.1090  0.8910  0.0000 
  113 R 17  6  0.9583  0.0000  0.0417 
  114 L 18  6  0.0017  0.9983  0.0000 
  115 K 18  6  0.1130  0.8864  0.0006 
  116 S 18  6  0.0052  0.9928  0.0019 
  117 L 18  6  0.9925  0.0075  0.0000 
  118 D 18  6  0.9880  0.0053  0.0067 
  119 E 18  6  1.0000  0.0000  0.0000 
  120 V 18  6  0.9590  0.0410  0.0000 
  121 K 18  6  0.0832  0.9103  0.0065 
  122 D 18  6  0.2567  0.0562  0.6872 
  123 K 18  6  0.1558  0.8317  0.0125 
  124 A 18  6  0.0192  0.9808  0.0000 
  125 L 18  6  0.0022  0.9940  0.0038 
  126 M 18  6  0.0088  0.9814  0.0098 
  127 I 18  6  0.0113  0.9858  0.0029 
  128 H 18  6  0.0000  0.9910  0.0090 
  129 V 17  6  0.9541  0.0459  0.0000 
  130 G 16  5  0.6537  0.2079  0.1385 
  131 G 16  5  0.0330  0.8479  0.1191 
  132 D 17  6  0.0746  0.9254  0.0000 
  133 N 18  6  0.1759  0.7194  0.1048 
  134 M 18  6  0.1334  0.0125  0.8541 
  135 S 18  6  0.3300  0.6700  0.0000 
  136 D 18  6  0.3900  0.6097  0.0003 
  137 Q 17  6  0.0086  0.9914  0.0000 
  138 P 17  5  0.1202  0.8798  0.0000 
  139 K 16  6  0.0105  0.9895  0.0000 
  140 P 17  5  0.0291  0.9692  0.0017 
  141 L 16  6  0.7229  0.1051  0.1720 
  142 G 16  5  0.7341  0.1746  0.0913 
  143 G 15  5  0.8132  0.1253  0.0615 
  144 G 15  5  0.5497  0.3009  0.1494 
  145 G 16  5  0.0471  0.7035  0.2495 
  146 T 17  6  0.2765  0.7046  0.0189 
  147 R 18  6  0.0000  0.9710  0.0290 
  148 Y 18  6  0.9626  0.0318  0.0056 
  149 A 18  6  0.0000  0.9998  0.0002 
  150 C 17  6  0.0103  0.9862  0.0035 
  151 G 17  5  0.0160  0.9840  0.0000 
  152 V 17  6  0.0129  0.9857  0.0014 
  153 I 18  6  0.0000  0.9995  0.0005 
  154 K 18  6  0.2379  0.6925  0.0697 
