REMARK  Neural network 3-state phi/psi distribution prediction for cs.tab
REMARK    A: Alpha        (-160<Phi<0&-70<psi<60)
REMARK    P: Positive_Phi (0<Phi<160&-60<psi<95) 
REMARK    B: Beta         (all others)

VARS RESID RESNAME CS_CNT CS_CNT_R2 Q_A Q_B Q_P 
FORMAT %4d %1s %2d %2d %7.4f %7.4f %7.4f 

    1 M 10  0  0.0000  0.0000  0.0000 
    2 A  9  4  0.0102  0.9898  0.0000 
    3 T 13  5  0.0056  0.9849  0.0095 
    4 P 15  4  0.2205  0.7795  0.0000 
    5 Q 16  6  0.8417  0.1309  0.0274 
    6 D 18  6  0.7689  0.1926  0.0385 
    7 K 18  6  0.8830  0.0717  0.0453 
    8 L 18  6  0.7515  0.2485  0.0000 
    9 H 18  6  0.0316  0.9587  0.0097 
   10 T 18  6  0.0221  0.9681  0.0098 
   11 V 18  6  0.0091  0.9887  0.0022 
   12 R 18  6  0.0099  0.9875  0.0026 
   13 L 18  6  0.0064  0.9925  0.0012 
   14 F 17  6  0.0113  0.9874  0.0013 
   15 G 17  5  0.0052  0.9948  0.0000 
   16 T 17  6  0.0216  0.9784  0.0000 
   17 V 18  6  0.0091  0.9889  0.0020 
   18 A 18  6  0.0939  0.8994  0.0067 
   19 A 18  6  0.9748  0.0174  0.0077 
   20 D 17  6  0.9217  0.0783  0.0000 
   21 G 17  5  0.5025  0.0679  0.4296 
   22 L 17  6  0.0000  1.0000  0.0000 
   23 T 18  6  0.0121  0.9798  0.0081 
   24 M 18  6  0.0812  0.9016  0.0172 
   25 L 18  6  0.1055  0.8945  0.0000 
   26 D 17  6  0.1362  0.8434  0.0204 
   27 G 17  5  0.0000  0.0111  0.9889 
   28 A 15  6  0.0000  0.9854  0.0146 
   29 P 15  4  0.1166  0.8834  0.0000 
   30 G 15  5  0.0000  0.9012  0.0988 
   31 V 17  6  0.0139  0.9861  0.0000 
   32 R 18  6  0.0118  0.9882  0.0000 
   33 F 18  6  0.0130  0.9870  0.0000 
   34 R 18  6  0.0118  0.9855  0.0028 
   35 L 18  6  0.0052  0.9906  0.0043 
   36 E 18  6  0.0145  0.9855  0.0000 
   37 D 18  6  0.0791  0.9209  0.0000 
   38 K 18  6  0.9565  0.0151  0.0283 
   39 D 18  6  0.9564  0.0376  0.0060 
   40 N 18  6  0.4937  0.3683  0.1380 
   41 T 18  6  0.9509  0.0273  0.0218 
   42 S 18  6  0.9014  0.0665  0.0321 
   43 K 18  6  0.0368  0.9561  0.0071 
   44 T 18  6  0.0130  0.9870  0.0000 
   45 V 18  6  0.0092  0.9902  0.0006 
   46 W 18  6  0.0051  0.9916  0.0033 
   47 V 18  6  0.0047  0.9917  0.0036 
   48 L 18  6  0.0081  0.9904  0.0015 
   49 Y 18  6  0.0057  0.9874  0.0070 
   50 K 17  6  0.0371  0.9629  0.0000 
   51 G 17  5  0.0000  0.9861  0.0139 
   52 A 17  6  0.0271  0.9729  0.0000 
   53 V 16  6  0.0003  0.9903  0.0094 
   54 P 16  4  0.0491  0.9509  0.0000 
   55 D 16  6  0.8979  0.0316  0.0705 
   56 T 18  6  0.9233  0.0454  0.0313 
   57 F 18  6  0.0385  0.8554  0.1061 
   58 K 16  6  0.0038  0.9962  0.0000 
   59 P 15  4  0.0854  0.9146  0.0000 
   60 G 15  5  0.0128  0.0000  0.9872 
   61 V 17  6  0.0089  0.9796  0.0115 
   62 E 18  6  0.0396  0.9600  0.0004 
   63 V 18  6  0.0065  0.9935  0.0000 
   64 I 18  6  0.0117  0.9873  0.0010 
   65 I 18  6  0.0119  0.9871  0.0010 
   66 E 17  6  0.0185  0.9815  0.0000 
   67 G 16  5  0.0273  0.8389  0.1338 
   68 G 16  5  0.0000  0.9751  0.0249 
   69 L 17  6  0.0134  0.9866  0.0000 
   70 A 16  6  0.0000  0.9907  0.0093 
   71 P 15  4  0.0800  0.9200  0.0000 
   72 G 15  5  0.0838  0.0499  0.8663 
   73 E 17  6  0.0720  0.9278  0.0003 
   74 D 18  6  0.8475  0.1139  0.0386 
   75 T 18  6  0.0186  0.9814  0.0000 
   76 F 18  6  0.0036  0.9908  0.0056 
   77 K 18  6  0.0081  0.9906  0.0013 
   78 A 18  6  0.0000  1.0000  0.0000 
   79 R 18  6  0.9750  0.0190  0.0061 
   80 T 18  6  0.0054  0.9946  0.0000 
   81 L 18  6  0.0137  0.9863  0.0000 
   82 M 18  6  0.0067  0.9893  0.0040 
   83 T 18  6  0.0253  0.9747  0.0000 
   84 K 18  6  0.0431  0.9563  0.0005 
   85 C 16  6  0.0036  0.9947  0.0017 
   86 P 16  4  0.0817  0.9183  0.0000 
   87 L 16  6  0.1213  0.8787  0.0000 
   88 E 12  6  0.1763  0.8237  0.0000 
   89 H  6  0  0.0000  0.0000  0.0000 
   90 H  0  0  0.0000  0.0000  0.0000 
   91 H  0  0  0.0000  0.0000  0.0000 
   92 H  0  0  0.0000  0.0000  0.0000 
   93 H  0  0  0.0000  0.0000  0.0000 
   94 H  6  0  0.0000  0.0000  0.0000 
