REMARK TALOS-N Protein Chi1 Conformation Prediction Table
REMARK  Secondary Structure Prediction for Chemical Shift Input cs.talos

REMARK     H-Helix    E-Strand   L-Coil (Chemical shift based)
REMARK     h-Helix    e-Strand   c-Coil (Sequence based)

REMARK  Reference:

REMARK  Y. Shen, and A. Bax:
REMARK  Protein backbone and sidechain torsion angles predicted from NMR
REMARK  chemical shifts using artificial neural networks
REMARK  J. Biomol. NMR (in press).

DATA FIRST_RESID 1
DATA SEQUENCE     GSPPEADPRL IESLSQMLSM GFSDEGGWLT RLLQTKNYDI GAALDTIQYS 
DATA PREDICTED_SS cLLLLLLHHH HHHHHHHHHL LLLLLLHHHH HHHHHLLLLH HHHHHHHLLL 
DATA CONFIDENCE   8788898899 9999999971 8878961789 9999659876 9999972588 


DATA SEQUENCE     KH
DATA PREDICTED_SS LL
DATA CONFIDENCE   20

VARS RESID RESNAME CS_CNT CS_CNT_R2 Q_H Q_E Q_L CONFIDENCE SS_CLASS
FORMAT %4d %1s %2d %2d %8.3f %8.3f %8.3f %4.2f %s

    1 G  5  2    0.040    0.070    0.890 0.82 c
    2 S  8  3    0.113    0.021    0.865 0.75 L
    3 P 10  3    0.009    0.047    0.943 0.90 L
    4 P 13  4    0.055    0.041    0.905 0.85 L
    5 E 16  6    0.037    0.029    0.934 0.90 L
    6 A 18  6    0.000    0.032    0.968 0.94 L
    7 D 16  6    0.055    0.021    0.924 0.87 L
    8 P 16  4    0.900    0.014    0.087 0.81 H
    9 R 16  6    0.963    0.010    0.027 0.94 H
   10 L 18  6    0.997    0.000    0.003 0.99 H
   11 I 18  6    0.997    0.000    0.002 0.99 H
   12 E 18  6    0.994    0.001    0.005 0.99 H
   13 S 18  6    0.993    0.001    0.006 0.99 H
   14 L 18  6    0.996    0.000    0.003 0.99 H
   15 S 18  6    0.995    0.001    0.004 0.99 H
   16 Q 18  6    0.993    0.001    0.006 0.99 H
   17 M 18  6    0.991    0.001    0.008 0.98 H
   18 L 18  6    0.986    0.000    0.014 0.97 H
   19 S 18  6    0.887    0.003    0.110 0.78 H
   20 M 17  6    0.438    0.000    0.562 0.12 L
   21 G 17  5    0.075    0.019    0.906 0.83 L
   22 F 17  6    0.001    0.087    0.912 0.82 L
   23 S 18  6    0.010    0.139    0.850 0.71 L
   24 D 18  6    0.008    0.079    0.914 0.84 L
   25 E 17  6    0.019    0.029    0.952 0.92 L
   26 G 16  5    0.159    0.025    0.815 0.66 L
   27 G 16  5    0.580    0.019    0.401 0.18 H
   28 W 17  6    0.881    0.004    0.115 0.77 H
   29 L 18  6    0.943    0.004    0.053 0.89 H
   30 T 18  6    0.982    0.000    0.018 0.96 H
   31 R 18  6    0.990    0.002    0.008 0.98 H
   32 L 18  6    0.996    0.000    0.004 0.99 H
   33 L 18  6    0.998    0.000    0.002 1.00 H
   34 Q 18  6    0.985    0.000    0.015 0.97 H
   35 T 18  6    0.803    0.000    0.197 0.61 H
   36 K 18  6    0.222    0.000    0.778 0.56 L
   37 N 18  6    0.023    0.030    0.948 0.92 L
   38 Y 18  6    0.037    0.030    0.933 0.90 L
   39 D 18  6    0.078    0.052    0.870 0.79 L
   40 I 17  6    0.804    0.037    0.159 0.65 H
   41 G 17  5    0.951    0.008    0.040 0.91 H
   42 A 17  6    0.991    0.000    0.009 0.98 H
   43 A 18  6    0.997    0.000    0.003 0.99 H
   44 L 18  6    0.996    0.000    0.004 0.99 H
   45 D 18  6    0.982    0.000    0.018 0.96 H
   46 T 18  6    0.898    0.001    0.101 0.80 H
   47 I 18  6    0.648    0.002    0.350 0.30 H
   48 Q 18  6    0.239    0.011    0.751 0.51 L
   49 Y 18  6    0.042    0.040    0.918 0.88 L
   50 S 18  6    0.024    0.073    0.903 0.83 L
   51 K 18  6    0.320    0.083    0.597 0.28 L
   52 H 12  6    0.333    0.333    0.333 0.00 L
