# PSIPRED VFORMAT (PSIPRED V2.6 by David Jones)

   1 M L   0.333  0.333  0.333
   2 Q E   0.117  0.000  0.883
   3 Y E   0.012  0.000  0.988
   4 K E   0.005  0.006  0.989
   5 L E   0.005  0.006  0.989
   6 V E   0.010  0.004  0.985
   7 I E   0.061  0.000  0.939
   8 N E   0.273  0.000  0.727
   9 G L   0.831  0.008  0.161
  10 K L   0.947  0.012  0.041
  11 T L   0.713  0.065  0.222
  12 L E   0.289  0.000  0.711
  13 K E   0.074  0.000  0.926
  14 G E   0.053  0.000  0.947
  15 E E   0.134  0.000  0.866
  16 T E   0.218  0.000  0.782
  17 T E   0.188  0.000  0.812
  18 T E   0.100  0.000  0.900
  19 K E   0.054  0.000  0.946
  20 A E   0.158  0.001  0.841
  21 V L   0.752  0.003  0.245
  22 D L   0.908  0.037  0.054
  23 A H   0.157  0.826  0.016
  24 E H   0.014  0.986  0.000
  25 T H   0.007  0.993  0.001
  26 A H   0.009  0.989  0.001
  27 E H   0.006  0.994  0.000
  28 K H   0.010  0.990  0.000
  29 A H   0.024  0.976  0.000
  30 F H   0.030  0.966  0.004
  31 K H   0.013  0.987  0.000
  32 Q H   0.006  0.993  0.001
  33 Y H   0.003  0.995  0.001
  34 A H   0.007  0.993  0.000
  35 N H   0.051  0.949  0.000
  36 D H   0.286  0.714  0.000
  37 N L   0.855  0.145  0.000
  38 G L   0.852  0.004  0.144
  39 V E   0.498  0.000  0.502
  40 D E   0.277  0.000  0.723
  41 G E   0.182  0.000  0.818
  42 V E   0.081  0.000  0.919
  43 W E   0.109  0.000  0.891
  44 T E   0.052  0.000  0.948
  45 Y E   0.133  0.000  0.867
  46 D E   0.484  0.000  0.516
  47 D L   0.808  0.076  0.115
  48 A L   0.767  0.187  0.046
  49 T L   0.841  0.137  0.022
  50 K L   0.908  0.044  0.048
  51 T E   0.328  0.000  0.672
  52 F E   0.038  0.000  0.962
  53 T E   0.015  0.001  0.984
  54 V E   0.057  0.000  0.943
  55 T E   0.089  0.000  0.911
  56 E L   0.333  0.333  0.333
