REMARK  Neural network 3-state phi/psi distribution prediction for ../1d3z.talos
REMARK    A: Alpha        (-160<Phi<0&-70<psi<60)
REMARK    P: Positive_Phi (0<Phi<160&-60<psi<95) 
REMARK    B: Beta         (all others)

VARS RESID RESNAME CS_CNT CS_CNT_R2 Q_A Q_B Q_P 
FORMAT %4d %1s %2d %2d %7.4f %7.4f %7.4f 

    1 M 10  4  0.3846  0.5428  0.0726 
    2 Q 16  6  0.0234  0.9735  0.0031 
    3 I 18  6  0.0071  0.9906  0.0022 
    4 F 18  6  0.0094  0.9906  0.0000 
    5 V 18  6  0.0088  0.9895  0.0017 
    6 K 18  6  0.0069  0.9907  0.0024 
    7 T 18  6  0.0000  1.0000  0.0000 
    8 L 18  6  0.9822  0.0136  0.0042 
    9 T 17  6  0.9922  0.0078  0.0000 
   10 G 17  5  0.0069  0.0000  0.9931 
   11 K 17  6  0.0000  1.0000  0.0000 
   12 T 18  6  0.0066  0.9923  0.0010 
   13 I 18  6  0.0077  0.9919  0.0004 
   14 T 18  6  0.0130  0.9856  0.0013 
   15 L 18  6  0.0084  0.9909  0.0007 
   16 E 18  6  0.0163  0.9837  0.0000 
   17 V 18  6  0.0149  0.9826  0.0025 
   18 E 17  6  0.0049  0.9951  0.0000 
   19 P 17  5  0.9781  0.0117  0.0102 
   20 S 17  6  0.9588  0.0388  0.0024 
   21 D 18  6  0.6297  0.2074  0.1628 
   22 T 18  6  0.0102  0.9835  0.0063 
   23 I 18  6  0.9732  0.0212  0.0056 
   24 E 18  6  0.9933  0.0041  0.0025 
   25 N 18  6  0.9981  0.0000  0.0019 
   26 V 18  6  0.9963  0.0009  0.0027 
   27 K 18  6  0.9980  0.0000  0.0020 
   28 A 18  6  0.9976  0.0000  0.0024 
   29 K 18  6  0.9976  0.0000  0.0024 
   30 I 18  6  0.9978  0.0000  0.0022 
   31 Q 18  6  0.9962  0.0014  0.0024 
   32 D 18  6  0.9963  0.0010  0.0027 
   33 K 18  6  0.9964  0.0000  0.0036 
   34 E 17  6  0.9632  0.0368  0.0000 
   35 G 17  5  0.0161  0.0151  0.9688 
   36 I 16  6  0.0000  1.0000  0.0000 
   37 P 16  5  0.0019  0.9981  0.0000 
   38 P 16  5  0.9775  0.0181  0.0044 
   39 D 17  6  0.9759  0.0111  0.0129 
   40 Q 18  6  0.9906  0.0073  0.0020 
   41 Q 18  6  0.1994  0.7585  0.0421 
   42 R 18  6  0.0000  0.9951  0.0049 
   43 L 18  6  0.0061  0.9924  0.0015 
   44 I 18  6  0.0067  0.9921  0.0012 
   45 F 18  6  0.0050  0.9861  0.0089 
   46 A 17  6  0.0121  0.0952  0.8927 
   47 G 17  5  0.0172  0.0311  0.9517 
   48 K 17  6  0.0000  1.0000  0.0000 
   49 Q 18  6  0.0064  0.9918  0.0018 
   50 L 18  6  0.0072  0.9916  0.0012 
   51 E 18  6  0.0020  0.9980  0.0000 
   52 D 17  6  0.8403  0.1313  0.0284 
   53 G 17  5  0.0389  0.0274  0.9337 
   54 R 17  6  0.0000  1.0000  0.0000 
   55 T 18  6  0.0049  0.9951  0.0000 
   56 L 18  6  0.9843  0.0100  0.0058 
   57 S 18  6  0.9977  0.0000  0.0023 
   58 D 18  6  0.9953  0.0016  0.0031 
   59 Y 18  6  0.9973  0.0027  0.0000 
   60 N 18  6  0.0548  0.0036  0.9416 
   61 I 18  6  0.0000  0.9812  0.0188 
   62 Q 18  6  0.0000  1.0000  0.0000 
   63 K 18  6  0.2936  0.6755  0.0309 
   64 E 18  6  0.0000  0.0075  0.9925 
   65 S 18  6  0.0283  0.9565  0.0152 
   66 T 18  6  0.0059  0.9941  0.0000 
   67 L 18  6  0.0182  0.9799  0.0019 
   68 H 18  6  0.0102  0.9883  0.0015 
   69 L 18  6  0.0072  0.9911  0.0017 
   70 V 18  6  0.0059  0.9935  0.0006 
   71 L 18  6  0.0117  0.9864  0.0020 
   72 R 18  6  0.0063  0.9937  0.0000 
   73 L 18  6  0.0214  0.9786  0.0000 
   74 R 17  6  0.1749  0.8084  0.0166 
   75 G 16  5  0.0000  0.8999  0.1001 
   76 G 10  5  0.3721  0.5487  0.0792 
