   1 G U   0.913  0.040  0.048
   2 G U   0.927  0.030  0.043
   3 S U   0.753  0.043  0.204
   4 N U   0.854  0.040  0.106
   5 A U   0.822  0.065  0.113
   6 T U   0.811  0.067  0.122
   7 A U   0.790  0.018  0.192
   8 P S   0.389  0.133  0.477
   9 F S   0.405  0.077  0.518
  10 F S   0.092  0.040  0.868
  11 E S   0.134  0.042  0.825
  12 M S   0.188  0.143  0.669
  13 K S   0.417  0.050  0.533
  14 L U   0.723  0.115  0.162
  15 K U   0.718  0.199  0.083
  16 H S   0.221  0.087  0.692
  17 Y S   0.126  0.094  0.780
  18 K S   0.037  0.057  0.906
  19 I S   0.188  0.091  0.721
  20 F S   0.082  0.117  0.801
  21 E S   0.219  0.350  0.432
  22 G U   0.849  0.062  0.088
  23 M U   0.633  0.068  0.299
  24 P S   0.458  0.022  0.520
  25 V S   0.082  0.034  0.884
  26 T S   0.025  0.027  0.948
  27 F S   0.037  0.029  0.934
  28 T S   0.023  0.023  0.955
  29 C S   0.104  0.026  0.870
  30 R S   0.064  0.019  0.917
  31 V S   0.113  0.020  0.867
  32 A S   0.235  0.075  0.691
  33 G U   0.688  0.010  0.302
  34 N U   0.862  0.049  0.089
  35 P U   0.747  0.095  0.158
  36 K U   0.543  0.161  0.296
  37 P S   0.269  0.043  0.688
  38 K S   0.095  0.072  0.833
  39 I S   0.036  0.037  0.928
  40 Y S   0.041  0.030  0.929
  41 W S   0.048  0.045  0.907
  42 F S   0.140  0.101  0.758
  43 K S   0.248  0.089  0.663
  44 D U   0.673  0.126  0.201
  45 G U   0.762  0.123  0.115
  46 K U   0.337  0.040  0.624
  47 Q U   0.556  0.092  0.353
  48 I U   0.589  0.134  0.277
  49 S U   0.677  0.084  0.240
  50 P U   0.682  0.111  0.207
  51 K U   0.697  0.077  0.226
  52 S U   0.647  0.112  0.241
  53 D S   0.464  0.066  0.470
  54 H S   0.326  0.073  0.601
  55 Y S   0.372  0.052  0.577
  56 T S   0.179  0.042  0.778
  57 I S   0.254  0.057  0.689
  58 Q S   0.201  0.044  0.755
  59 R S   0.423  0.048  0.528
  60 D U   0.537  0.056  0.407
  61 L U   0.706  0.137  0.157
  62 D U   0.731  0.127  0.142
  63 G U   0.727  0.119  0.154
  64 T S   0.332  0.055  0.613
  65 C S   0.337  0.051  0.611
  66 S S   0.147  0.031  0.822
  67 L S   0.082  0.033  0.885
  68 H S   0.123  0.051  0.826
  69 T S   0.347  0.076  0.577
  70 T S   0.434  0.094  0.472
  71 A U   0.650  0.155  0.195
  72 S U   0.708  0.141  0.150
  73 T U   0.744  0.087  0.169
  74 L U   0.598  0.170  0.232
  75 D U   0.705  0.167  0.128
  76 D U   0.803  0.096  0.101
  77 D U   0.741  0.122  0.137
  78 G U   0.674  0.033  0.292
  79 N S   0.050  0.035  0.915
  80 Y S   0.067  0.031  0.902
  81 T S   0.028  0.023  0.949
  82 I S   0.025  0.008  0.967
  83 M S   0.033  0.015  0.952
  84 A S   0.044  0.041  0.915
  85 A S   0.181  0.092  0.728
  86 N S   0.288  0.061  0.651
  87 P U   0.698  0.165  0.137
  88 Q U   0.676  0.155  0.169
  89 G U   0.799  0.082  0.119
  90 R U   0.435  0.158  0.407
  91 V U   0.474  0.229  0.297
  92 S S   0.326  0.155  0.519
  93 C S   0.224  0.106  0.669
  94 T S   0.124  0.035  0.840
  95 G S   0.083  0.034  0.883
  96 R S   0.031  0.016  0.953
  97 L S   0.041  0.047  0.912
  98 M S   0.013  0.009  0.979
  99 V S   0.057  0.018  0.926
 100 Q S   0.151  0.060  0.789
 101 A S   0.318  0.041  0.641
 102 V U   0.619  0.091  0.290
 103 N U   0.722  0.102  0.176
 104 Q U   0.672  0.156  0.172
 105 R U   0.810  0.079  0.111
 106 G U   0.878  0.053  0.068
 107 R U   0.904  0.044  0.052
 108 S U   0.894  0.051  0.054
